r = 2;
l = 0.023;

j = 0.001;
b = 0.0012;

kt = 0.01;
ke = 0.01;

vi = 1;